110.704822,
110.704732,
110.704685,
110.704668,
110.704674,
110.70469 ,
110.704607,
110.704631,
110.704637,
110.704645,
110.704662,
110.704638,
110.704656,
110.704663,
110.704664,
110.704652,
110.704629,
110.704453,
110.704433,
110.704315,
110.704021,
110.703728,
110.703548,
110.703524,
110.703524,
110.703534,
110.70354 ,
110.703396,
110.703062,
110.702625,
110.702115,
110.701749,
110.70175 ,
110.70175 ,
110.701746,
110.701745,
110.701742,
110.701612,
110.701059,
110.700373,
110.699694,
110.699259,
110.698939,
110.698872,
110.698862,
110.698855,
110.698847,
110.698842,
110.698751,
110.698189,
110.697524,
110.69681 ,
110.696689,
110.696688,
110.696682,
110.696684,
110.69669 ,
110.696694,
110.696697,
110.696716,
110.696712,
110.696693,
110.696702,
110.696695,
110.696703,
110.696714,
110.696711,
110.696496,
110.696074,
110.695877,
110.695702,
110.695155,
110.694721,
110.694383,
110.694287,
110.694278,
110.69428 ,
110.694258,
110.69382 ,
110.69321 ,
110.692597,
110.692144,
110.691603,
110.691084,
110.690747,
110.690415,
110.690301,
110.690037,
110.689847,
110.689844,
110.689834,
110.689835,
110.68949 ,
110.688897,
110.68843 ,
110.687907,
110.687398,
110.686784,
110.686175,
110.685858,
110.685487,
110.685151,
110.685112,
110.685102,
110.685094,
110.684973,
110.684326,
110.683698,
110.683073,
110.68241 ,
110.681975,
110.681567,
110.681371,
110.681338,
110.681341,
110.681339,
110.681344,
110.681344,
110.681356,
110.681364,
110.681373,
110.681369,
110.681365,
110.681372,
110.681378,
110.681394,
110.68139 ,
110.681383,
110.681379,
110.681381,
110.68138 ,
110.68136 ,
110.681355,
110.681356,
110.681356,
110.68135 ,
110.681352,
110.681352,
110.681356,
110.681354,
110.681356,
110.681356,
110.681356,
110.681202,
110.680893,
110.68085 ,
110.680842,
110.680851,
110.680843,
110.680841,
110.680838,
110.680837,
110.680833,
110.680832,
110.680832,
110.680827,
110.680824,
110.680821,
110.680815,
110.680815,
110.680819,
110.680817,
110.680812,
110.680812,
110.680821,
110.680815,
110.680813,
110.680814,
110.680808,
110.680804,
110.680804,
110.680802,
110.680796,
110.68079 ,
110.680791,
110.680793,
110.680797,
110.680509,
110.680281,
110.680195,
110.680177,
110.680169,
110.680171,
110.680167,
110.679992,
110.67949 ,
110.678874,
110.678257,
110.677632,
110.67701 ,
110.676483,
110.675864,
110.675358,
110.675221,
110.675184,
110.675204,
110.675174,
110.674927,
110.674472,
110.67428 ,
110.673782,
110.673168,
110.672585,
110.672575,
110.672587,
110.672403,
110.67181 ,
110.671379,
110.670989,
110.670912,
110.67094 ,
110.670911,
110.670884,
110.670894,
110.670922,
110.670905,
110.670918,
110.670898,
110.670896,
110.670894,
110.670887,
110.670879,
110.670886,
110.670894,
110.670951,
110.670937,
110.670924,
110.670984,
110.670999,
110.670908,
110.670937,
110.670919,
110.670781,
110.670413,
110.670358,
110.670356,
110.670344,

